0
0.6
1.2
1.8
2.4
3
3.6
4.2
4.8
5.4
6
6.6
7.2
7.8
8.4
9
9.6
10.2
10.8
11.4
12
12.6
13.2
13.8
14.4
15
15.6
16.2
16.8
17.4
18
18.6
19.2
19.8
20.4
21
21.6
22.2
22.8
23.4
24
24.6
25.2
25.8
26.4
27
27.6
28.2
28.8
29.4
30
30.6
31.2
31.8
32.4
33
33.6
34.2
34.8
35.4
36
36.6
37.2
37.8
38.4
39
39.6
40.2
40.8
41.4
42
42.6
43.2
43.8
44.4
45
45.6
46.2
46.8
47.4
48
48.6
49.2
49.8
50.4
51
51.6
52.2
52.8
53.4
54
54.6
55.2
55.8
56.4
57
57.6
58.2
58.8
59.4
60
60.6
61.2
61.8
62.4
63
63.6
64.2
64.8
65.4
66
66.6
67.2
67.8
68.4
69
69.6
70.2
70.8
71.4
72
72.6
73.2
73.8
74.4
75
75.6
76.2
76.8
77.4
78
78.6
79.2
79.8
80.4
81
81.6
82.2
82.8
83.4
84
84.6
85.2
85.8
86.4
87
87.6
88.2
88.8
89.4
90
90.6
91.2
91.8
92.4
93
93.6
94.2
94.8
95.4
96
96.6
97.2
97.8
98.4
99
99.6
100.2
100.8
101.4
102
102.6
103.2
103.8
104.4
105
105.6
106.2
106.8
107.4
108
108.6
109.2
109.8
110.4
111
111.6
112.2
112.8
113.4
114
114.6
115.2
115.8
116.4
117
117.6
118.2
118.8
119.4
120
120.6
121.2
121.8
122.4
123
123.6
124.2
124.8
125.4
126
126.6
127.2
127.8
128.4
129
129.6
130.2
130.8
131.4
132
132.6
133.2
133.8
134.4
135
135.6
136.2
136.8
137.4
138
138.6
139.2
139.8
140.4
141
141.6
142.2
142.8
143.4
144
144.6
145.2
145.8
146.4
147
147.6
148.2
148.8
149.4
150
150.6
151.2
151.8
152.4
153
153.6
154.2
154.8
155.4
156
156.6
157.2
157.8
158.4
159
159.6
160.2
160.8
161.4
162
162.6
163.2
163.8
164.4
165
165.6
166.2
166.8
167.4
168
168.6
169.2
169.8
170.4
171
171.6
172.2
172.8
173.4
174
174.6
175.2
175.8
176.4
177
177.6
178.2
178.8
179.4
180
180.6
181.2
181.8
182.4
183
183.6
184.2
184.8
185.4
186
186.6
187.2
187.8
188.4
189
189.6
190.2
190.8
191.4
192
192.6
193.2
193.8
194.4
195
195.6
196.2
196.8

