0
0.448
0.896
1.344
1.792
2.24
2.688
3.136
3.584
4.032
4.48
4.928
5.376
5.824
6.272
6.72
7.168
7.616
8.064
8.512
8.96
9.408
9.856
10.304
10.752
11.2
11.648
12.096
12.544
12.992
13.44
13.888
14.336
14.784
15.232
15.68
16.128
16.576
17.024
17.472
17.92
18.368
18.816
19.264
19.712
20.16
20.608
21.056
21.504
21.952
22.4
22.848
23.296
23.744
24.192
24.64
25.088
25.536
25.984
26.432
26.88
27.328
27.776
28.224
28.672
29.12
29.568
30.016
30.464
30.912
31.36
31.808
32.256
32.704
33.152
33.6
34.048
34.496
34.944
35.392
35.84
36.288
36.736
37.184
37.632
38.08
38.528
38.976
39.424
39.872
40.32
40.768
41.216
41.664
42.112
42.56
43.008
43.456
43.904
44.352
44.8
45.248
45.696
46.144
46.592
47.04
47.488
47.936
48.384
48.832
49.28
49.728
50.176
50.624
51.072
51.52
51.968
52.416
52.864
53.312
53.76
54.208
54.656
55.104
55.552
56
56.448
56.896
57.344
57.792
58.24
58.688
59.136
59.584
60.032
60.48
60.928
61.376
61.824
62.272
62.72
63.168
63.616
64.064
64.512
64.96
65.408
65.856
66.304
66.752
67.2
67.648
68.096
68.544
68.992
69.44
69.888
70.336
70.784
71.232
71.68
72.128
72.576
73.024
73.472
73.92
74.368
74.816
75.264
75.712
76.16
76.608
77.056
77.504
77.952
78.4
78.848
79.296
79.744
80.192
80.64
81.088
81.536
81.984
82.432
82.88
83.328
83.776
84.224
84.672
85.12
85.568
86.016
86.464
86.912
87.36
87.808
88.256
88.704
89.152
89.6
90.048
90.496
90.944
91.392
91.84
92.288
92.736
93.184
93.632
94.08
94.528
94.976
95.424
95.872
96.32
96.768
97.216
97.664
98.112
98.56
99.008
99.456
99.904
100.352
100.8
101.248
101.696
102.144
102.592
103.04
103.488
103.936
104.384
104.832
105.28
105.728
106.176
106.624
107.072
107.52
107.968
108.416
108.864
109.312
109.76
110.208
110.656
111.104
111.552
112
112.448
112.896
113.344
113.792
114.24
114.688
115.136
115.584
116.032
116.48
116.928
117.376
117.824
118.272
118.72
119.168
119.616
120.064
120.512
120.96
121.408
121.856
122.304
122.752
123.2
123.648
124.096
124.544
124.992
125.44
125.888
126.336
126.784
127.232
127.68
128.128
128.576
129.024
129.472
129.92
130.368
130.816
131.264
131.712
132.16
132.608
133.056
133.504
133.952
134.4
134.848
135.296
135.744
136.192
136.64
137.088
137.536
137.984
138.432
138.88
139.328
139.776
140.224
140.672
141.12
141.568
142.016
142.464
142.912
143.36
143.808
144.256
144.704
145.152
145.6
146.048
146.496
146.944
147.392
147.84
148.288
148.736
149.184
149.632
150.08
150.528
150.976
151.424
151.872
152.32
152.768
153.216
153.664
154.112
154.56
155.008
155.456
155.904
156.352
156.8
157.248
157.696
158.144
158.592
159.04
159.488
159.936
160.384
160.832
161.28
161.728
162.176
162.624
163.072
163.52
163.968
164.416
164.864
165.312
165.76
166.208
166.656
167.104
167.552
168
168.448
168.896
169.344
169.792
170.24
170.688
171.136
171.584
172.032
172.48
172.928
173.376
173.824
174.272
174.72
175.168
175.616
176.064
176.512
176.96
177.408
177.856
178.304
178.752
179.2
179.648
180.096
180.544
180.992

