0
0.417
0.834
1.251
1.668
2.085
2.502
2.919
3.336
3.753
4.17
4.587
5.004
5.421
5.838
6.255
6.672
7.089
7.506
7.923
8.34
8.757
9.174
9.591
10.008
10.425
10.842
11.259
11.676
12.093
12.51
12.927
13.344
13.761
14.178
14.595
15.012
15.429
15.846
16.263
16.68
17.097
17.514
17.931
18.348
18.765
19.182
19.599
20.016
20.433
20.85
21.267
21.684
22.101
22.518
22.935
23.352
23.769
24.186
24.603
25.02
25.437
25.854
26.271
26.688
27.105
27.522
27.939
28.356
28.773
29.19
29.607
30.024
30.441
30.858
31.275
31.692
32.109
32.526
32.943
33.36
33.777
34.194
34.611
35.028
35.445
35.862
36.279
36.696
37.113
37.53
37.947
38.364
38.781
39.198
39.615
40.032
40.449
40.866
41.283
41.7
42.117
42.534
42.951
43.368
43.785
44.202
44.619
45.036
45.453
45.87
46.287
46.704
47.121
47.538
47.955
48.372
48.789
49.206
49.623
50.04
50.457
50.874
51.291
51.708
52.125
52.542
52.959
53.376
53.793
54.21
54.627
55.044
55.461
55.878
56.295
56.712
57.129
57.546
57.963
58.38
58.797
59.214
59.631
60.048
60.465
60.882
61.299
61.716
62.133
62.55
62.967
63.384
63.801
64.218
64.635
65.052
65.469
65.886
66.303
66.72
67.137
67.554
67.971
68.388
68.805
69.222
69.639
70.056
70.473
70.89
71.307
71.724
72.141
72.558
72.975
73.392
73.809
74.226
74.643
75.06
75.477
75.894
76.311
76.728
77.145
77.562
77.979
78.396
78.813
79.23
79.647
80.064
80.481
80.898
81.315
81.732
82.149
82.566
82.983
83.4
83.817
84.234
84.651
85.068
85.485
85.902
86.319
86.736
87.153
87.57
87.987
88.404
88.821
89.238
89.655
90.072
90.489
90.906
91.323
91.74
92.157
92.574
92.991
93.408
93.825
94.242
94.659
95.076
95.493
95.91
96.327
96.744
97.161
97.578
97.995
98.412
98.829
99.246
99.663
100.08
100.497
100.914
101.331
101.748
102.165
102.582
102.999
103.416
103.833
104.25
104.667
105.084
105.501
105.918
106.335
106.752
107.169
107.586
108.003
108.42
108.837
109.254
109.671
110.088
110.505
110.922
111.339
111.756
112.173
112.59
113.007
113.424
113.841
114.258
114.675
115.092
115.509
115.926
116.343
116.76
117.177
117.594
118.011
118.428
118.845
119.262
119.679
120.096
120.513
120.93
121.347
121.764
122.181
122.598
123.015
123.432
123.849
124.266
124.683
125.1
125.517
125.934
126.351
126.768
127.185
127.602
128.019
128.436
128.853
129.27
129.687
130.104
130.521
130.938
131.355
131.772
132.189
132.606
133.023
133.44
133.857
134.274
134.691
135.108
135.525
135.942
136.359
136.776
137.193
137.61
138.027
138.444
138.861
139.278
139.695
140.112
140.529
140.946
141.363
141.78
142.197
142.614
143.031
143.448
143.865
144.282
144.699
145.116
145.533
145.95
146.367
146.784
147.201
147.618
148.035
148.452
148.869
149.286
149.703
150.12
150.537
150.954
151.371
151.788
152.205
152.622
153.039
153.456
153.873
154.29
154.707
155.124
155.541
155.958
156.375
156.792
157.209
157.626
158.043
158.46
158.877
159.294
159.711
160.128
160.545
160.962
161.379
161.796
162.213
162.63
163.047
163.464
163.881
164.298
164.715
165.132
165.549
165.966
166.383
166.8
167.217
167.634
168.051
168.468
168.885
169.302
169.719
170.136
170.553
170.97
171.387
171.804
172.221
172.638
173.055
173.472
173.889
174.306
174.723
175.14
175.557
175.974
176.391
176.808
177.225
177.642
178.059
178.476
178.893
179.31
179.727
180.144
180.561
180.978
181.395
181.812
182.229
182.646
183.063
183.48
183.897
184.314
184.731
185.148
185.565
185.982
186.399
186.816
187.233
187.65
188.067
188.484
188.901
189.318
189.735
190.152
190.569
190.986
191.403
191.82
192.237
192.654
193.071
193.488
193.905
194.322
194.739
195.156
195.573
195.99
196.407
196.824
197.241
197.658
198.075
198.492
198.909
199.326
199.743
200.16
200.577
200.994
201.411
201.828
202.245
202.662
203.079
203.496
203.913
204.33
204.747
205.164
205.581
205.998
206.415
206.832
207.249
207.666
208.083
208.5
208.917
209.334
209.751
210.168
210.585
211.002
211.419
211.836
212.253
212.67
213.087
213.504
213.921
214.338
214.755
215.172
215.589
216.006
216.423
216.84
217.257
217.674
218.091
218.508
218.925
219.342
219.759
220.176
220.593
221.01
221.427
221.844
222.261
222.678
223.095
223.512
223.929
224.346
224.763
225.18
225.597
226.014
226.431
226.848
227.265
227.682
228.099
228.516
228.933
229.35
229.767
230.184
230.601
231.018
231.435
231.852
232.269
232.686
233.103
233.52
233.937
234.354
234.771
235.188
235.605
236.022
236.439
236.856
237.273
237.69
238.107
238.524
238.941
239.358
239.775
240.192
240.609
241.026
241.443
241.86
242.277
242.694
243.111
243.528
243.945
244.362
244.779
245.196
245.613
246.03
246.447
246.864
247.281
247.698
248.115
248.532
248.949
249.366
249.783

