0
0.469
0.938
1.407
1.876
2.345
2.814
3.283
3.752
4.221
4.69
5.159
5.628
6.097
6.566
7.035
7.504
7.973
8.442
8.911
9.38
9.849
10.318
10.787
11.256
11.725
12.194
12.663
13.132
13.601
14.07
14.539
15.008
15.477
15.946
16.415
16.884
17.353
17.822
18.291
18.76
19.229
19.698
20.167
20.636
21.105
21.574
22.043
22.512
22.981
23.45
23.919
24.388
24.857
25.326
25.795
26.264
26.733
27.202
27.671
28.14
28.609
29.078
29.547
30.016
30.485
30.954
31.423
31.892
32.361
32.83
33.299
33.768
34.237
34.706
35.175
35.644
36.113
36.582
37.051
37.52
37.989
38.458
38.927
39.396
39.865
40.334
40.803
41.272
41.741
42.21
42.679
43.148
43.617
44.086
44.555
45.024
45.493
45.962
46.431
46.9
47.369
47.838
48.307
48.776
49.245
49.714
50.183
50.652
51.121
51.59
52.059
52.528
52.997
53.466
53.935
54.404
54.873
55.342
55.811
56.28
56.749
57.218
57.687
58.156
58.625
59.094
59.563
60.032
60.501
60.97
61.439
61.908
62.377
62.846
63.315
63.784
64.253
64.722
65.191
65.66
66.129
66.598
67.067
67.536
68.005
68.474
68.943
69.412
69.881
70.35
70.819
71.288
71.757
72.226
72.695
73.164
73.633
74.102
74.571
75.04
75.509
75.978
76.447
76.916
77.385
77.854
78.323
78.792
79.261
79.73
80.199
80.668
81.137
81.606
82.075
82.544
83.013
83.482
83.951
84.42
84.889
85.358
85.827
86.296
86.765
87.234
87.703
88.172
88.641
89.11
89.579
90.048
90.517
90.986
91.455
91.924
92.393
92.862
93.331
93.8
94.269
94.738
95.207
95.676
96.145
96.614
97.083
97.552
98.021
98.49
98.959
99.428
99.897
100.366
100.835
101.304
101.773
102.242
102.711
103.18
103.649
104.118
104.587
105.056
105.525
105.994
106.463
106.932
107.401
107.87
108.339
108.808
109.277
109.746
110.215
110.684
111.153
111.622
112.091
112.56
113.029
113.498
113.967
114.436
114.905
115.374
115.843
116.312
116.781
117.25
117.719
118.188
118.657
119.126
119.595
120.064
120.533
121.002
121.471
121.94
122.409
122.878
123.347
123.816
124.285
124.754
125.223
125.692
126.161
126.63
127.099
127.568
128.037
128.506
128.975
129.444
129.913
130.382
130.851
131.32
131.789
132.258
132.727
133.196
133.665
134.134
134.603
135.072
135.541
136.01
136.479
136.948
137.417
137.886
138.355
138.824
139.293
139.762
140.231
140.7
141.169
141.638
142.107
142.576
143.045
143.514
143.983
144.452
144.921
145.39
145.859
146.328
146.797
147.266
147.735
148.204
148.673
149.142
149.611
150.08
150.549
151.018
151.487
151.956
152.425
152.894
153.363
153.832
154.301
154.77
155.239
155.708
156.177
156.646
157.115
157.584
158.053
158.522
158.991
159.46
159.929
160.398
160.867
161.336
161.805
162.274
162.743
163.212
163.681
164.15
164.619
165.088
165.557
166.026
166.495
166.964
167.433
167.902
168.371
168.84
169.309
169.778
170.247
170.716
171.185
171.654
172.123
172.592
173.061
173.53
173.999
174.468
174.937
175.406
175.875
176.344
176.813
177.282
177.751
178.22
178.689
179.158
179.627
180.096
180.565
181.034
181.503
181.972
182.441
182.91
183.379
183.848
184.317
184.786
185.255
185.724
186.193
186.662
187.131
187.6
188.069
188.538
189.007
189.476
189.945
190.414
190.883

