0
0.469
0.938
1.407
1.876
2.345
2.814
3.283
3.752
4.221
4.69
5.159
5.628
6.097
6.566
7.035
7.504
7.973
8.442
8.911
9.38
9.849
10.318
10.787
11.256
11.725
12.194
12.663
13.132
13.601
14.07
14.539
15.008
15.477
15.946
16.415
16.884
17.353
17.822
18.291
18.76
19.229
19.698
20.167
20.636
21.105
21.574
22.043
22.512
22.981
23.45
23.919
24.388
24.857
25.326
25.795
26.264
26.733
27.202
27.671
28.14
28.609
29.078
29.547
30.016
30.485
30.954
31.423
31.892
32.361
32.83
33.299
33.768
34.237
34.706
35.175
35.644
36.113
36.582
37.051
37.52
37.989
38.458
38.927
39.396
39.865
40.334
40.803
41.272
41.741
42.21
42.679
43.148
43.617
44.086
44.555
45.024
45.493
45.962
46.431
46.9
47.369
47.838
48.307
48.776
49.245
49.714
50.183
50.652
51.121
51.59
52.059
52.528
52.997
53.466
53.935
54.404
54.873
55.342
55.811
56.28
56.749
57.218
57.687
58.156
58.625
59.094
59.563
60.032
60.501
60.97
61.439
61.908
62.377
62.846
63.315
63.784
64.253
64.722
65.191
65.66
66.129
66.598
67.067
67.536
68.005
68.474
68.943
69.412
69.881
70.35
70.819
71.288
71.757
72.226
72.695
73.164
73.633
74.102
74.571
75.04
75.509
75.978
76.447
76.916
77.385
77.854
78.323
78.792
79.261
79.73
80.199
80.668
81.137
81.606
82.075
82.544
83.013
83.482
83.951
84.42
84.889
85.358
85.827
86.296
86.765
87.234
87.703
88.172
88.641
89.11
89.579
90.048
90.517
90.986
91.455
91.924
92.393
92.862
93.331
93.8
94.269
94.738
95.207
95.676
96.145
96.614
97.083
97.552
98.021
98.49
98.959
99.428
99.897
100.366
100.835
101.304
101.773
102.242
102.711
103.18
103.649
104.118
104.587
105.056
105.525
105.994
106.463
106.932
107.401
107.87
108.339
108.808
109.277
109.746
110.215
110.684
111.153
111.622
112.091
112.56
113.029
113.498
113.967
114.436
114.905
115.374
115.843
116.312
116.781
117.25
117.719
118.188
118.657
119.126
119.595
120.064
120.533
121.002
121.471
121.94
122.409
122.878
123.347
123.816
124.285
124.754
125.223
125.692
126.161
126.63
127.099
127.568
128.037
128.506
128.975
129.444
129.913
130.382
130.851
131.32
131.789
132.258
132.727
133.196
133.665
134.134
134.603
135.072
135.541
136.01
136.479
136.948
137.417
137.886
138.355
138.824
139.293
139.762
140.231
140.7
141.169
141.638
142.107
142.576
143.045
143.514
143.983
144.452
144.921
145.39
145.859
146.328
146.797
147.266
147.735
148.204
148.673
149.142
149.611
150.08
150.549
151.018
151.487
151.956
152.425
152.894
153.363
153.832
154.301
154.77
155.239
155.708
156.177
156.646
157.115
157.584
158.053
158.522
158.991
159.46
159.929
160.398
160.867
161.336
161.805
162.274
162.743
163.212
163.681
164.15
164.619
165.088
165.557
166.026
166.495
166.964
167.433
167.902
168.371
168.84
169.309
169.778
170.247
170.716
171.185
171.654
172.123
172.592
173.061
173.53
173.999
174.468
174.937
175.406
175.875
176.344
176.813
177.282
177.751
178.22
178.689
179.158
179.627
180.096
180.565
181.034
181.503
181.972
182.441
182.91
183.379
183.848
184.317
184.786
185.255
185.724
186.193
186.662
187.131
187.6
188.069
188.538
189.007
189.476
189.945
190.414
190.883
191.352
191.821
192.29
192.759
193.228
193.697
194.166
194.635
195.104
195.573
196.042
196.511
196.98
197.449
197.918
198.387
198.856
199.325
199.794
200.263
200.732
201.201
201.67
202.139
202.608
203.077
203.546
204.015
204.484
204.953
205.422
205.891
206.36
206.829
207.298
207.767
208.236
208.705
209.174
209.643
210.112
210.581
211.05
211.519
211.988
212.457
212.926
213.395
213.864
214.333
214.802
215.271
215.74
216.209
216.678
217.147
217.616
218.085
218.554
219.023
219.492
219.961
220.43
220.899
221.368
221.837
222.306
222.775
223.244
223.713
224.182
224.651
225.12
225.589
226.058
226.527
226.996
227.465
227.934
228.403
228.872
229.341
229.81
230.279
230.748
231.217
231.686
232.155
232.624
233.093
233.562
234.031
234.5
234.969
235.438
235.907
236.376
236.845
237.314
237.783
238.252
238.721
239.19
239.659
240.128
240.597
241.066
241.535
242.004
242.473
242.942
243.411
243.88
244.349
244.818
245.287
245.756
246.225
246.694
247.163
247.632
248.101
248.57
249.039
249.508
249.977
250.446
250.915
251.384
251.853
252.322
252.791
253.26
253.729
254.198
254.667
255.136
255.605
256.074
256.543
257.012
257.481
257.95
258.419
258.888
259.357
259.826
260.295
260.764
261.233
261.702
262.171
262.64
263.109
263.578
264.047
264.516
264.985
265.454
265.923
266.392
266.861
267.33
267.799
268.268
268.737
269.206
269.675
270.144
270.613
271.082
271.551
272.02
272.489
272.958
273.427
273.896
274.365
274.834
275.303
275.772
276.241
276.71
277.179
277.648
278.117
278.586
279.055
279.524
279.993
280.462
280.931
281.4
281.869
282.338
282.807
283.276
283.745
284.214
284.683
285.152
285.621
286.09
286.559
287.028
287.497
287.966
288.435
288.904
289.373
289.842
290.311
290.78
291.249
291.718
292.187
292.656
293.125
293.594
294.063
294.532
295.001
295.47
295.939
296.408
296.877
297.346
297.815
298.284
298.753
299.222
299.691
300.16
300.629
301.098
301.567
302.036
302.505
302.974
303.443
303.912
304.381
304.85
305.319
305.788
306.257
306.726
307.195
307.664
308.133
308.602
309.071
309.54
310.009
310.478
310.947
311.416
311.885
312.354
312.823
313.292
313.761
314.23
314.699
315.168
315.637
316.106
316.575
317.044
317.513
317.982
318.451
318.92
319.389
319.858
320.327
320.796
321.265
321.734
322.203
322.672
323.141
323.61
324.079
324.548
325.017
325.486
325.955
326.424
326.893
327.362
327.831
328.3
328.769
329.238
329.707
330.176
330.645
331.114
331.583
332.052
332.521
332.99
333.459
333.928
334.397
334.866
335.335
335.804
336.273
336.742
337.211
337.68
338.149
338.618
339.087
339.556
340.025
340.494
340.963
341.432
341.901
342.37
342.839
343.308
343.777
344.246
344.715
345.184
345.653
346.122
346.591
347.06
347.529
347.998
348.467
348.936
349.405
349.874
350.343
350.812
351.281
351.75
352.219
352.688
353.157
353.626
354.095
354.564
355.033
355.502
355.971
356.44
356.909
357.378
357.847
358.316
358.785
359.254
359.723
360.192
360.661
361.13
361.599
362.068
362.537
363.006
363.475
363.944
364.413
364.882
365.351
365.82
366.289
366.758
367.227
367.696
368.165
368.634
369.103
369.572
370.041
370.51
370.979
371.448
371.917
372.386
372.855
373.324
373.793
374.262
374.731
375.2
375.669
376.138
376.607
377.076
377.545
378.014
378.483
378.952
379.421
379.89
380.359
380.828
381.297
381.766
382.235
382.704
383.173
383.642
384.111
384.58
385.049
385.518
385.987
386.456
386.925
387.394
387.863
388.332
388.801
389.27
389.739
390.208
390.677
391.146
391.615
392.084
392.553
393.022
393.491
393.96
394.429
394.898
395.367
395.836
396.305
396.774
397.243
397.712
398.181
398.65
399.119
399.588
400.057
400.526
400.995
401.464
401.933
402.402
402.871
403.34
403.809
404.278
404.747
405.216
405.685
406.154
406.623
407.092
407.561
408.03
408.499
408.968
409.437
409.906
410.375
410.844
411.313
411.782
412.251
412.72
413.189
413.658
414.127
414.596
415.065
415.534
416.003
416.472
416.941
417.41
417.879
418.348
418.817
419.286
419.755
420.224
420.693
421.162
421.631
422.1
422.569
423.038
423.507
423.976
424.445
424.914
425.383
425.852
426.321
426.79
427.259
427.728
428.197
428.666
429.135
429.604
430.073
430.542
431.011
431.48
431.949
432.418
432.887
433.356
433.825
434.294
434.763
435.232
435.701
436.17
436.639
437.108
437.577
438.046
438.515
438.984
439.453
439.922
440.391
440.86
441.329
441.798
442.267
442.736
443.205
443.674
444.143
444.612
445.081
445.55
446.019
446.488
446.957
447.426
447.895
448.364
448.833
449.302
449.771
450.24
450.709
451.178
451.647
452.116
452.585
453.054
453.523
453.992
454.461
454.93
455.399
455.868
456.337
456.806
457.275
457.744
458.213
458.682
459.151
459.62
460.089
460.558
461.027
461.496
461.965
462.434
462.903
463.372
463.841
464.31
464.779
465.248
465.717
466.186
466.655
467.124
467.593
468.062
468.531
469
469.469
469.938
470.407
470.876
471.345
471.814
472.283
472.752
473.221
473.69
474.159
474.628
475.097
475.566
476.035
476.504
476.973
477.442
477.911
478.38
478.849
479.318
479.787
480.256
480.725
481.194
481.663
482.132
482.601
483.07
483.539
484.008
484.477
484.946
485.415
485.884
486.353
486.822
487.291
487.76
488.229
488.698
489.167
489.636
490.105
490.574
491.043
491.512
491.981
492.45
492.919
493.388
493.857
494.326
494.795
495.264
495.733
496.202
496.671
497.14
497.609
498.078
498.547
499.016
499.485
499.954
500.423
500.892
501.361
501.83
502.299
502.768
503.237
503.706
504.175
504.644
505.113
505.582
