0
0.451
0.902
1.353
1.804
2.255
2.706
3.157
3.608
4.059
4.51
4.961
5.412
5.863
6.314
6.765
7.216
7.667
8.118
8.569
9.02
9.471
9.922
10.373
10.824
11.275
11.726
12.177
12.628
13.079
13.53
13.981
14.432
14.883
15.334
15.785
16.236
16.687
17.138
17.589
18.04
18.491
18.942
19.393
19.844
20.295
20.746
21.197
21.648
22.099
22.55
23.001
23.452
23.903
24.354
24.805
25.256
25.707
26.158
26.609
27.06
27.511
27.962
28.413
28.864
29.315
29.766
30.217
30.668
31.119
31.57
32.021
32.472
32.923
33.374
33.825
34.276
34.727
35.178
35.629
36.08
36.531
36.982
37.433
37.884
38.335
38.786
39.237
39.688
40.139
40.59
41.041
41.492
41.943
42.394
42.845
43.296
43.747
44.198
44.649
45.1
45.551
46.002
46.453
46.904
47.355
47.806
48.257
48.708
49.159
49.61
50.061
50.512
50.963
51.414
51.865
52.316
52.767
53.218
53.669
54.12
54.571
55.022
55.473
55.924
56.375
56.826
57.277
57.728
58.179
58.63
59.081
59.532
59.983
60.434
60.885
61.336
61.787
62.238
62.689
63.14
63.591
64.042
64.493
64.944
65.395
65.846
66.297
66.748
67.199
67.65
68.101
68.552
69.003
69.454
69.905
70.356
70.807
71.258
71.709
72.16
72.611
73.062
73.513
73.964
74.415
74.866
75.317
75.768
76.219
76.67
77.121
77.572
78.023
78.474
78.925
79.376
79.827
80.278
80.729
81.18
81.631
82.082
82.533
82.984
83.435
83.886
84.337
84.788
85.239
85.69
86.141
86.592
87.043
87.494
87.945
88.396
88.847
89.298
89.749
90.2
90.651
91.102
91.553
92.004
92.455
92.906
93.357
93.808
94.259
94.71
95.161
95.612
96.063
96.514
96.965
97.416
97.867
98.318
98.769
99.22
99.671
100.122
100.573
101.024
101.475
101.926
102.377
102.828
103.279
103.73
104.181
104.632
105.083
105.534
105.985
106.436
106.887
107.338
107.789
108.24
108.691
109.142
109.593
110.044
110.495
110.946
111.397
111.848
112.299
112.75
113.201
113.652
114.103
114.554
115.005
115.456
115.907
116.358
116.809
117.26
117.711
118.162
118.613
119.064
119.515
119.966
120.417
120.868
121.319
121.77
122.221
122.672
123.123
123.574
124.025
124.476
124.927
125.378
125.829
126.28
126.731
127.182
127.633
128.084
128.535
128.986
129.437
129.888
130.339
130.79
131.241
131.692
132.143
132.594
133.045
133.496
133.947
134.398
134.849
135.3
135.751
136.202
136.653
137.104
137.555
138.006
138.457
138.908
139.359
139.81
140.261
140.712
141.163
141.614
142.065
142.516
142.967
143.418
143.869
144.32
144.771
145.222
145.673
146.124
146.575
147.026
147.477
147.928
148.379
148.83
149.281
149.732
150.183
150.634
151.085
151.536
151.987
152.438
152.889
153.34
153.791
154.242
154.693
155.144
155.595
156.046
156.497
156.948
157.399
157.85
158.301
158.752
159.203
159.654
160.105
160.556
161.007
161.458
161.909
162.36
162.811
163.262
163.713
164.164
164.615
165.066
165.517
165.968
166.419
166.87
167.321
167.772
168.223
168.674
169.125
169.576
170.027
170.478
170.929
171.38
171.831
172.282
172.733
173.184
173.635
174.086
174.537
174.988
175.439
175.89
176.341
176.792
177.243
177.694
178.145
178.596
179.047
179.498
179.949
180.4
180.851
181.302
181.753
182.204
182.655
183.106
183.557
184.008
184.459
184.91
185.361
185.812
186.263
186.714
187.165
187.616
188.067
188.518
188.969
189.42
189.871
190.322
190.773
191.224
191.675
192.126
192.577
193.028
193.479
193.93
194.381
194.832
195.283
195.734
196.185
196.636
197.087
197.538
197.989
198.44
198.891
199.342
199.793
200.244
200.695
201.146
201.597
202.048
202.499
202.95
203.401
203.852
204.303
204.754
205.205
205.656
206.107
206.558
207.009
207.46
207.911
208.362
208.813
209.264
209.715
210.166
210.617
211.068
211.519
211.97
212.421
212.872
213.323
213.774
214.225
214.676
215.127
215.578
216.029
216.48
216.931
217.382
217.833
218.284
218.735
219.186
219.637
220.088
220.539
220.99
221.441
221.892
222.343
222.794
223.245
223.696
224.147
224.598
225.049
225.5
225.951
226.402
226.853
227.304
227.755
228.206
228.657
229.108
229.559
230.01
230.461
230.912
231.363
231.814
232.265
232.716
233.167
233.618
234.069
234.52
234.971
235.422
235.873
236.324
236.775
237.226
237.677
238.128
238.579
239.03
239.481
239.932
240.383
240.834
241.285
241.736
242.187
242.638
243.089
243.54
243.991
244.442
244.893
245.344
245.795
246.246
246.697
247.148
247.599
248.05
248.501
248.952
249.403
249.854
250.305
250.756
251.207
251.658
252.109
252.56
253.011
253.462
253.913
254.364
254.815
255.266
255.717
256.168
256.619
257.07
257.521
257.972
258.423
258.874
259.325
259.776
260.227
260.678
261.129
261.58
262.031
262.482
262.933
263.384
263.835
264.286
264.737
265.188
265.639
266.09
266.541
266.992
267.443
267.894
268.345
268.796
269.247
269.698
270.149
270.6
271.051
271.502
271.953
272.404
272.855
273.306
273.757
274.208
274.659
275.11
275.561
276.012
276.463
276.914
277.365
277.816
278.267
278.718
279.169
279.62
280.071
280.522
280.973
281.424
281.875
282.326
282.777
283.228
283.679
284.13
284.581
285.032
285.483
285.934
286.385
286.836
287.287
287.738
288.189
288.64
289.091
289.542
289.993
290.444
290.895
291.346
291.797
292.248
292.699
293.15
293.601
294.052
294.503
294.954
295.405
295.856
296.307
296.758
297.209
297.66
298.111
298.562
299.013
299.464
299.915
300.366
300.817
301.268
301.719
302.17
302.621
303.072
303.523
303.974
304.425
304.876
305.327
305.778
306.229
306.68
307.131
307.582
308.033
308.484
308.935
309.386
309.837
310.288
310.739
311.19
311.641
312.092
312.543
312.994
313.445
313.896
314.347
314.798
315.249
315.7
316.151
316.602
317.053
317.504
317.955
318.406
318.857
319.308
319.759
320.21
320.661
321.112
321.563
322.014
322.465
322.916
323.367
323.818
324.269
324.72
325.171
325.622
326.073
326.524
326.975
327.426
327.877
328.328
328.779
329.23
329.681
330.132
330.583
331.034
331.485
331.936
332.387
332.838
333.289
333.74
334.191
334.642
335.093
335.544
335.995
336.446
336.897
337.348
337.799
338.25
338.701
339.152
339.603
340.054
340.505
340.956
341.407
341.858
342.309
342.76
343.211
343.662
344.113
344.564
345.015
345.466
345.917
346.368
346.819
347.27
347.721
348.172
348.623
349.074
349.525
349.976
350.427
350.878
351.329
351.78
352.231
352.682
353.133
353.584
354.035
354.486
354.937
355.388
355.839
356.29
356.741
357.192
357.643
358.094
358.545
358.996
359.447
359.898
360.349
360.8
361.251
361.702
362.153
362.604
363.055
363.506
363.957
364.408
364.859
365.31
365.761
366.212
366.663
367.114
367.565
368.016
368.467
368.918
369.369
369.82
370.271
370.722
371.173
371.624
372.075
372.526
372.977
373.428
373.879
374.33
374.781
375.232
375.683
376.134
376.585
377.036
377.487
377.938
378.389
378.84
379.291
379.742
380.193
380.644
381.095
381.546
381.997
382.448
382.899
383.35
383.801
384.252
384.703
385.154
385.605
386.056
386.507
386.958
387.409
387.86
388.311
388.762
389.213
389.664
390.115
390.566
391.017
391.468
391.919
392.37
392.821
393.272
393.723
394.174
394.625
395.076
395.527
395.978
396.429
396.88
397.331
397.782
398.233
398.684
399.135
399.586
400.037
400.488
400.939
401.39
401.841
402.292
402.743
403.194
403.645
404.096
404.547
404.998
405.449
405.9
406.351
406.802
407.253
407.704
408.155
408.606
409.057
409.508
409.959
410.41
410.861
411.312
411.763
412.214
412.665
413.116
413.567
414.018
414.469
414.92
415.371
415.822
416.273
416.724
417.175
417.626
418.077
418.528
418.979
419.43
419.881
420.332
420.783
421.234
421.685
422.136
422.587
423.038
423.489
423.94
424.391
424.842
425.293
425.744
426.195
426.646
427.097
427.548
427.999
428.45
428.901
429.352
429.803
430.254
430.705
431.156
431.607
432.058
432.509
432.96
433.411
433.862
434.313
434.764
435.215
435.666
436.117
436.568
437.019
437.47
437.921
438.372
438.823
439.274
439.725
440.176
440.627
441.078
441.529
441.98
442.431
442.882
443.333
443.784
444.235
444.686
445.137
445.588
446.039
446.49
446.941
447.392
447.843
448.294
448.745
449.196
449.647
450.098
450.549
451
451.451
451.902
452.353
452.804
453.255
453.706
454.157
454.608
455.059
455.51
455.961
456.412
456.863
457.314
457.765
458.216
458.667
459.118
459.569
460.02
460.471
460.922
461.373
461.824
462.275
462.726
463.177
463.628
464.079
464.53
464.981
465.432
465.883
466.334
466.785

