0
0.577
1.154
1.731
2.308
2.885
3.462
4.039
4.616
5.193
5.77
6.347
6.924
7.501
8.078
8.655
9.232
9.809
10.386
10.963
11.54
12.117
12.694
13.271
13.848
14.425
15.002
15.579
16.156
16.733
17.31
17.887
18.464
19.041
19.618
20.195
20.772
21.349
21.926
22.503
23.08
23.657
24.234
24.811
25.388
25.965
26.542
27.119
27.696
28.273
28.85
29.427
30.004
30.581
31.158
31.735
32.312
32.889
33.466
34.043
34.62
35.197
35.774
36.351
36.928
37.505
38.082
38.659
39.236
39.813
40.39
40.967
41.544
42.121
42.698
43.275
43.852
44.429
45.006
45.583
46.16
46.737
47.314
47.891
48.468
49.045
49.622
50.199
50.776
51.353
51.93
52.507
53.084
53.661
54.238
54.815
55.392
55.969
56.546
57.123
57.7
58.277
58.854
59.431
60.008
60.585
61.162
61.739
62.316
62.893
63.47
64.047
64.624
65.201
65.778
66.355
66.932
67.509
68.086
68.663
69.24
69.817
70.394
70.971
71.548
72.125
72.702
73.279
73.856
74.433
75.01
75.587
76.164
76.741
77.318
77.895
78.472
79.049
79.626
80.203
80.78
81.357
81.934
82.511
83.088
83.665
84.242
84.819
85.396
85.973
86.55
87.127
87.704
88.281
88.858
89.435
90.012
90.589
91.166
91.743
92.32
92.897
93.474
94.051
94.628
95.205
95.782
96.359
96.936
97.513
98.09
98.667
99.244
99.821
100.398
100.975
101.552
102.129
102.706
103.283
103.86
104.437
105.014
105.591
106.168
106.745
107.322
107.899
108.476
109.053
109.63
110.207
110.784
111.361
111.938
112.515
113.092
113.669
114.246
114.823
115.4
115.977
116.554
117.131
117.708
118.285
118.862
119.439
120.016
120.593
121.17
121.747
122.324
122.901
123.478
124.055
124.632
125.209
125.786
126.363
126.94
127.517
128.094
128.671
129.248
129.825
130.402
130.979
131.556
132.133
132.71
133.287
133.864
134.441
135.018
135.595
136.172
136.749
137.326
137.903
138.48
139.057
139.634
140.211
140.788
141.365
141.942
142.519
143.096
143.673
144.25
144.827
145.404
145.981
146.558
147.135
147.712
148.289
148.866
149.443
150.02
150.597
151.174
151.751
152.328
152.905
153.482
154.059
154.636
155.213
155.79
156.367
156.944
157.521
158.098
158.675
159.252
159.829
160.406
160.983
161.56
162.137
162.714
163.291
163.868
164.445
165.022
165.599
166.176
166.753
167.33
167.907
168.484
169.061
169.638
170.215
170.792
171.369
171.946
172.523
173.1
173.677
174.254
174.831
175.408
175.985
176.562
177.139
177.716
178.293
178.87
179.447
180.024
180.601
181.178
181.755
182.332
182.909
183.486
184.063
184.64
185.217
185.794
186.371
186.948
187.525
188.102
188.679
189.256
189.833
190.41
190.987
191.564
192.141
192.718
193.295
193.872
194.449
195.026
195.603
196.18
196.757
197.334
197.911
198.488
199.065
199.642
200.219
200.796
201.373
201.95
202.527
203.104
203.681
204.258
204.835
205.412
205.989
206.566
207.143
207.72
208.297
208.874
209.451
210.028
210.605
211.182
211.759
212.336
212.913
213.49
214.067
214.644
215.221
215.798
216.375
216.952
217.529
218.106
218.683
219.26
219.837
220.414
220.991
221.568
222.145
222.722
223.299
223.876
224.453
225.03
225.607
226.184
226.761
227.338
227.915
228.492
229.069
229.646
230.223
230.8
231.377
231.954
232.531
233.108
233.685
234.262
234.839
235.416
235.993
236.57
237.147
237.724
238.301
238.878
239.455
240.032
240.609
241.186
241.763
242.34
242.917
243.494
244.071
244.648
245.225
245.802
246.379
246.956
247.533
248.11
248.687
249.264
249.841
250.418
250.995
251.572
252.149
252.726
253.303
253.88
254.457
255.034
255.611
256.188
256.765
257.342
257.919
258.496
259.073
259.65
260.227
260.804
261.381
261.958
262.535
263.112
263.689
264.266
264.843
265.42
265.997
266.574

