0
0.833
1.666
2.499
3.332
4.165
4.998
5.831
6.664
7.497
8.33
9.163
9.996
10.829
11.662
12.495
13.328
14.161
14.994
15.827
16.66
17.493
18.326
19.159
19.992
20.825
21.658
22.491
23.324
24.157
24.99
25.823
26.656
27.489
28.322
29.155
29.988
30.821
31.654
32.487
33.32
34.153
34.986
35.819
36.652
37.485
38.318
39.151
39.984
40.817
41.65
42.483
43.316
44.149
44.982
45.815
46.648
47.481
48.314
49.147
49.98
50.813
51.646
52.479
53.312
54.145
54.978
55.811
56.644
57.477
58.31
59.143
59.976
60.809
61.642
62.475
63.308
64.141
64.974
65.807
66.64
67.473
68.306
69.139
69.972
70.805
71.638
72.471
73.304
74.137
74.97
75.803
76.636
77.469
78.302
79.135
79.968
80.801
81.634
82.467
83.3
84.133
84.966
85.799
86.632
87.465
88.298
89.131
89.964
90.797
91.63
92.463
93.296
94.129
94.962
95.795
96.628
97.461
98.294
99.127
99.96
100.793
101.626
102.459
103.292
104.125
104.958
105.791
106.624
107.457
108.29
109.123
109.956
110.789
111.622
112.455
113.288
114.121
114.954
115.787
116.62
117.453
118.286
119.119
119.952
120.785
121.618
122.451
123.284
124.117
124.95
125.783
126.616
127.449
128.282
129.115
129.948
130.781
131.614
132.447
133.28
134.113
134.946
135.779
136.612
137.445
138.278
139.111
139.944
140.777
141.61
142.443
143.276
144.109
144.942
145.775
146.608
147.441
148.274
149.107
149.94
150.773
151.606
152.439
153.272
154.105
154.938
155.771
156.604
157.437
158.27
159.103
159.936
160.769
161.602
162.435
163.268
164.101
164.934
165.767
166.6
167.433
168.266
169.099
169.932
170.765
171.598
172.431
173.264
174.097
174.93
175.763
176.596
177.429
178.262
179.095
179.928
180.761
181.594
182.427
183.26
184.093
184.926
185.759
186.592
187.425
188.258
189.091
189.924
190.757
191.59
192.423
193.256
194.089
194.922
195.755
196.588
197.421
198.254
199.087
199.92
200.753
201.586
202.419
203.252
204.085
204.918
205.751
206.584
207.417
208.25
209.083
209.916
210.749
211.582
212.415
213.248
214.081
214.914
215.747
216.58
217.413
218.246
219.079
219.912
220.745
221.578
222.411
223.244
224.077
224.91
225.743
226.576
227.409
228.242
229.075
229.908
230.741
231.574
232.407
233.24
234.073
234.906
235.739
236.572
237.405
238.238
239.071
239.904
240.737
241.57
242.403
243.236
244.069
244.902
245.735
246.568
247.401
248.234
249.067
249.9
250.733
251.566
252.399
253.232
254.065
254.898
255.731
256.564
257.397
258.23
259.063
259.896
260.729
261.562
262.395
263.228
264.061
264.894
265.727
266.56
267.393
268.226
269.059
269.892
270.725
271.558
272.391
273.224
274.057
274.89
275.723
276.556
277.389
278.222
279.055
279.888
280.721
281.554
282.387
283.22
284.053
284.886
285.719
286.552
287.385
288.218
289.051
289.884
290.717
291.55
292.383
293.216
294.049
294.882
295.715
296.548
297.381
298.214
299.047
299.88
300.713
301.546
302.379
303.212
304.045
304.878
305.711
306.544
307.377
308.21
309.043
309.876
310.709
311.542
312.375
313.208
314.041
314.874
315.707
316.54
317.373
318.206
319.039
319.872
320.705
321.538
322.371
323.204
324.037
324.87
325.703
326.536
327.369
328.202
329.035
329.868
330.701
331.534
332.367
333.2
334.033
334.866
335.699
336.532
337.365
338.198
339.031
339.864
340.697
341.53

